627
1 1 4
1 2 4
3 4 1
4325 5569 4
4 19 19
1 6577 19
8296 9377 19
1 2887 4
3 4 4
9 19 1
1 1 19
1 1 19
1 1 4
666 1151 4
4432 7699 4
1 8963 19
1 6053 19
4404 8893 19
1 5197 4
1 2287 155
171 1637 19
28 4441 19
2109 3061 155
1 4261 19
1 2803 155
136 155 1
3285 6367 155
1 1 155
1 8111 19
1 1 155
1 1 19
2 5 155
1304 3793 155
1 19 19
1 31 155
1 155 155
1 1 19
10 19 1
28 2591 19
1521 2081 1813
1 1813 1813
184 388 388
1 7591 1813
1 4 388
1 1 388
188 194 388
19 49 1813
1 1 388
78 388 1
1999 5233 388
1 6379 1813
1 259 1813
1 9293 1813
1 1787 388
467 1813 1
1 1 1813
44 6151 388
56 97 388
1 1 1813
2915 9949 388
1 5387 388
1 7 1813
24 37 1813
1 2 388
684 3167 1813
1 409 6415
228 1283 6415
675 7283 6415
570 6415 1
1 6337 16319
1 4721 16319
8011 8191 16319
1 5 6415
1 5591 16319
692 4909 6415
1 6211 6415
1 16319 16319
1 16319 1
1 1 16319
1148 9497 6415
1 1 16319
1 6317 16319
1 1 6415
1 6415 6415
1 1 6415
3482 8941 2511
1090 1186 3558
76 593 3558
1 6 3558
1 93 2511
193 3558 3558
1 1 3558
1 27 2511
1 2 3558
1889 2511 1
1 1 2511
1 1 3558
1 279 2511
359 607 2511
5786 9439 2511
4313 6619 3558
5646 8513 2511
3 9 2511
1 1 2511
1 837 2511
4313 4909 2511
1 6841 3558
1768 1779 3558
1 941 3558
1 31 2511
4144 8287 3558
1 81 2511
1 3 3558
2161 3558 1
2 3 2511
138 1291 3558
1 2511 2511
21 118 20650
56 59 20650
3 10 20650
12 47 26293
1 1 20650
1 2339 26293
1 7 20650
1 7411 20650
1 50 20650
1 4663 26293
8360 26293 1
10324 10325 20650
1 20650 1
1 1475 20650
33 350 20650
35 175 20650
1 590 20650
7285 20650 20650
1 35 20650
1 6977 20650
1 2950 20650
24 25 20650
25 70 20650
1 2437 26293
1 7411 20650
1 1 20650
1 7759 20650
164 413 20650
1 2065 20650
723 826 20650
1 26293 26293
1 4130 20650
1 295 20650
5023 6043 20650
1 223 26293
1 2 20650
1 5 20650
1 1 26293
1 1 26293
1 14 20650
1 1 3488
2719 5413 3488
1 7541 3488
963 12044 1
1 16 3488
1 3488 1
123 218 3488
1 997 3488
2324 6022 12044
5108 8929 12044
6518 8369 3488
69 109 3488
1 2 12044
1 3011 12044
3769 4723 12044
3052 3488 3488
800 1744 3488
4 32 3488
1 4 3488
1 1 12044
2441 12044 12044
1 1 12044
1 8111 12044
1 872 3488
6 8 3488
1 1 3488
249 1181 12044
1 2 3488
1 4 12044
2838 3637 12044
172 421 3488
61 436 3488
980 6829 24130
2 42 12054
287 294 12054
1 2413 24130
1 287 12054
1 861 12054
17 19 24130
1 6829 24130
88 127 24130
32 41 12054
1 24130 24130
1102 1499 12054
6 123 12054
1 254 24130
3 5 24130
1 2 24130
1027 2857 24130
1 1039 24130
1 1 12054
2 21 12054
1 1270 24130
1 3 12054
3002 3643 12054
5 10 24130
1 12054 1
1 2009 12054
1 1 24130
1 14 12054
7497 24130 1
5433 6027 12054
1 1 12054
599 635 24130
50 147 12054
38 95 24130
4 6 12054
1 38 24130
3302 4018 12054
1 2 12054
1 7789 12054
4084 12054 12054
3028 7879 12054
1 82 12054
1 1722 12054
97 190 24130
1 2213 24130
3087 9067 12054
5706 12065 24130
92 98 12054
1 49 12054
1 574 12054
1 7 12054
1 4826 24130
3 246 12054
1 1 24130
485 3677 21099
1019 1117 21099
79 281 9233
1 7 9233
28 7033 21099
1 1 21099
1 3 21099
619 2003 9233
1798 4933 21099
1 13 21099
1 1319 9233
1 5701 9233
1 1 21099
1 541 21099
1 1 9233
1 317 21099
1 21099 21099
1 9233 1
1 9233 9233
465 2063 9233
1 1 9233
1 4639 9233
1 21099 1
1290 1623 21099
443 733 21099
1 39 21099
7033 7927 2147490687
1 1293 2147490687
1 57271 2147490687
1 87 2147490687
1 171813 2147490687
1 1283 2147515906
1 2147515906 1
1 1 2147490687
2 3 2147490687
2126 12499 2147490687
244 1117 2147515906
1 1657 2147490687
1 109 2147515906
1 5857 2147515906
1 2 2147515906
1 9697 2147515906
1966 8387 2147490687
1 5869 2147515906
1 1 2147515906
1 79 2147490687
1 183329 2147515906
2 29 2147490687
1 1 2147490687
14256 37497 2147490687
1 366658 2147515906
1 431 2147490687
329 971 2147490687
24028 2147490687 1
1 1 2147515906
1 11714 2147515906
53 230 25769833420
3063 3701 12884918747
349 460 25769833420
1 4 25769833420
1 23 25769833420
868 907 25769833420
5 10 25769833420
3092 4723 12884918747
1 92 25769833420
2 5 25769833420
1 25769833420 1
1 8861 25769833420
1 1 25769833420
3036 8837 25769833420
1 2 25769833420
1 1 12884918747
1 418763 12884918747
589 1409 25769833420
78 1061 12884918747
17110 30769 12884918747
1 20 25769833420
788 6521 12884918747
18132 12884918747 1
1 5279 12884918747
13 29 12884918747
1 46 25769833420
3396 6197 12884918747
1 1 12884918747
1 1 25769833420
1 2521 25769833420
1 115 25769833420
1 1 88046843864
1 222124 88046843864
1 228 68719481808
4870 4919 68719481808
1 2657 88046843864
20 28 88046843864
4233 8627 88046843864
7958 15866 88046843864
1 24 68719481808
1 6857 88046843864
1052 7933 88046843864
7479 111062 88046843864
1 8 68719481808
1 2 68719481808
1 1 68719481808
4 7 88046843864
1 198193 88046843864
1 8 88046843864
1 6 68719481808
12158 396386 88046843864
1 56 88046843864
1 5659 68719481808
1 1753 68719481808
277 304 68719481808
2 4 68719481808
1 456 68719481808
4098 8609 68719481808
1 57 68719481808
1 63464 88046843864
1 19 68719481808
1 14 88046843864
112 114 68719481808
1 4 88046843864
1 1319 88046843864
1 1 68719481808
4575 8689 68719481808
1 444248 88046843864
1 2 88046843864
3227 9397 88046843864
4 12 68719481808
26 38 68719481808
1 1 88046843864
13 16 68719481808
1 31732 88046843864
808 912 68719481808
1 152 68719481808
1 76 68719481808
25162 88046843864 1
20675 68719481808 1
1 55531 88046843864
26 48 68719481808
1 792772 88046843864
1 3 68719481808
1 1 1120986491203
1 1120986491203 1
2623 6703 2068026764546
1 409 1120986491203
1 151 1120986491203
1 4366 2068026764546
1 1 2068026764546
1616 1823 2068026764546
1 1 1120986491203
14 74 2068026764546
1 9157 1120986491203
1 857 1120986491203
1 7459 2068026764546
1 6733 2068026764546
1 4639 1120986491203
1422 2203 1120986491203
1 118 2068026764546
1 2 2068026764546
53 59 2068026764546
1870 2183 2068026764546
432 3373 2068026764546
624 1949 1120986491203
1 350513 1120986491203
19 37 2068026764546
1 1 2068026764546
1 2068026764546 1
1 1 10670846278085
1 1 1093069192907
13428 80395 10670846278085
1 9887 1093069192907
1 1 1093069192907
3 5 10670846278085
1908 19369 10670846278085
5268 6491 1093069192907
1 1409 10670846278085
1 7649 1093069192907
1 11485 10670846278085
958 96845 10670846278085
750 3257 10670846278085
1 1093069192907 1
1 335783 10670846278085
1613 16079 10670846278085
968 2297 10670846278085
1 239845 10670846278085
1 13835 10670846278085
5021 7853 10670846278085
650 2131 10670846278085
2376 10670846278085 1
33 35 10670846278085
1380 2767 10670846278085
1 6197 1093069192907
1 131 1093069192907
1 47969 10670846278085
1 1 10670846278085
1 7 10670846278085
1 5813 10670846278085
1 9907 19166291562725
1 1 19166291562725
1 1675 19166291562725
1 4253 19166291562725
1022 2285 33666101172365
1533 1543 33666101172365
1 2819 33666101172365
1 67 19166291562725
1 335 19166291562725
35 43 19166291562725
2 5 33666101172365
6490 8563 33666101172365
1 1 33666101172365
678 947 19166291562725
1 2311 33666101172365
1 5 19166291562725
1 25 19166291562725
1 1 19166291562725
1670 19166291562725 1
1 8821 33666101172365
2258 2297 19166291562725
263 457 33666101172365
21286 142759 19166291562725
1 33666101172365 1
1 400765 19166291562725
1 713795 19166291562725
1 80153 19166291562725
1 42815 33666101172365
975 6581 33666101172365
1 1 33666101172365
1 53397180918459 1
1 1 53397180918459
4919 801247 53397180918459
1 971 53397180918459
1 27279 53397180918459
1368 3897 53397180918459
1 151117 53397180918459
899 9227 61113089657446
3580 4903 53397180918459
1 17086 61113089657446
1 63 53397180918459
107 433 53397180918459
1560 190953 53397180918459
1 1 61113089657446
1 349 53397180918459
139 441 53397180918459
364 1299 53397180918459
28791 51303 53397180918459
1 4877 53397180918459
1 63651 53397180918459
3089 6163 61113089657446
5678 8431 61113089657446
1 3 53397180918459
1620 3141 53397180918459
1611 2443 53397180918459
1 49 53397180918459
1 21217 53397180918459
1 17101 53397180918459
1 147 53397180918459
1642 2347 53397180918459
159 1613 61113089657446
360 1047 53397180918459
1 61113089657446 1
1 2 61113089657446
1 9 53397180918459
1115 3031 53397180918459
317 9093 53397180918459
1 1 53397180918459
14196 21987 53397180918459
1 4523 61113089657446
1 21 53397180918459
415 4651 53397180918459
2513 8543 61113089657446
1 7329 53397180918459
16683 153909 53397180918459
1 7 53397180918459
1 1 61113089657446
1 453351 53397180918459
1 8 23416161700392
1 76647 5886252684123
24 609 5886252684123
1 2643 5886252684123
1 12 23416161700392
1 4 23416161700392
1 2 23416161700392
1 25549 5886252684123
25 36 23416161700392
1 23416161700392 1
1 29 5886252684123
2373 3359 23416161700392
21 72 23416161700392
12 18 23416161700392
1 7 5886252684123
1 6737 23416161700392
677 881 5886252684123
1 1 23416161700392
1 5407 5886252684123
8 9 23416161700392
1 4999 5886252684123
1 536529 5886252684123
20 87 5886252684123
14 21 5886252684123
2 24 23416161700392
1 3 5886252684123
1 3 23416161700392
1 2789 5886252684123
2160 9929 23416161700392
170 6167 5886252684123
5972 7517 5886252684123
1 4099 5886252684123
3333 178843 5886252684123
6468 7873 23416161700392
1 1 5886252684123
27 203 5886252684123
1 6 23416161700392
28522 5886252684123 1
1 4363 23416161700392
1 1 23416161700392
1 1 5886252684123
6705 18501 5886252684123
1 4 47837345768608
1643 7247 47837345768608
1 8059 13913546561714
2404 2707 13913546561714
1 2 13913546561714
1 4643 13913546561714
1 4651 47837345768608
1 16 47837345768608
57 88 47837345768608
20855 13913546561714 1
1 1 47837345768608
1 1 47837345768608
1 1 13913546561714
1 47837345768608 1
1 8317 13913546561714
1181 5227 47837345768608
3 8 47837345768608
1 2 47837345768608
1991 2579 13913546561714
1 5158 13913546561714
125 176 47837345768608
1 6659 13913546561714
1 7901 47837345768608
19 44 47837345768608
1 8951 47837345768608
1 1 13913546561714
1 22 47837345768608
1 32 47837345768608
168 352 47837345768608
9 11 47837345768608
102 235 39011187952965
558 1942 20740397083678
2314 5857 20740397083678
635 7669 20740397083678
1 379 39011187952965
406 19486 20740397083678
1 17813 39011187952965
1 1895 39011187952965
167 179 39011187952965
1 141 39011187952965
1613 5685 39011187952965
1 705 39011187952965
1 1 39011187952965
1 2 20740397083678
40 47 39011187952965
10761 89065 39011187952965
8217 53439 39011187952965
1135 5449 39011187952965
1799 2311 39011187952965
1 3 39011187952965
1 5981 39011187952965
1831 1949 39011187952965
80 971 20740397083678
4872 20740397083678 1
1 9743 20740397083678
1 1 39011187952965
1 2 20740397083678
1 5 39011187952965
1 1 20740397083678
1 267195 39011187952965
13713 39011187952965 1
1 757 20740397083678
6 15 39011187952965
1 1 20740397083678
1 1137 39011187952965
5230 7703 20740397083678
1 1 4611686018427387904
1 1 9223372036854775807
