After simulating the program...

4000: 00 00 00 00 00 00 00 00 00 00 00 00 00 00 00 00
...
4820: 00 00 00 00 00 00 00 00 00 00 00 00 3C 3C 42 7E
4830: 3C 42 7E 7C 00 00 00 00 00 00 00 00 00 00 00 00
...
4920: 00 00 00 00 00 00 00 00 00 00 00 00 42 42 66 40
4930: 42 42 40 42 00 00 00 00 00 00 00 00 00 00 00 00
...
4A20: 00 00 00 00 00 00 00 00 00 00 00 00 40 42 5A 7C
4A30: 42 42 7C 42 00 00 00 00 00 00 00 00 00 00 00 00
...
4B20: 00 00 00 00 00 00 00 00 00 00 00 00 4E 7E 42 40
4B30: 42 42 40 7C 00 00 00 00 00 00 00 00 00 00 00 00
...
4C20: 00 00 00 00 00 00 00 00 00 00 00 00 42 42 42 40
4C30: 42 24 40 44 00 00 00 00 00 00 00 00 00 00 00 00
...
4D20: 00 00 00 00 00 00 00 00 00 00 00 00 3C 42 42 7E
4D30: 3C 18 7E 42 00 00 00 00 00 00 00 00 00 00 00 00
...

3C 3C 42 7E 3C 42 7E 7C
42 42 66 40 42 42 40 42
40 42 5A 7C 42 42 7C 42
4E 7E 42 40 42 42 40 7C
42 42 42 40 42 24 40 44
3C 42 42 7E 3C 18 7E 42

  1111    1111   1    1  111111   1111   1    1  111111  11111
 1    1  1    1  11  11  1       1    1  1    1  1       1    1
 1       1    1  1 11 1  11111   1    1  1    1  11111   1    1
 1  111  111111  1    1  1       1    1  1    1  1       11111
 1    1  1    1  1    1  1       1    1   1  1   1       1   1
  1111   1    1  1    1  111111   1111     11    111111  1    1
